{
  "keyframes": [
    {
      "matrix": "[0.5122722387313843, 0.21540884673595428, -0.8313700556755066, 0.0, -0.058349475264549255, -0.9570676684379578, -0.2839309871196747, 0.0, -0.8568387627601624, 0.19395995140075684, -0.4777100682258606, 0.0, -0.7120685577392578, 1.173740267753601, 0.12974509596824646, 1.0]",
      "fov": 22.895194130645738,
      "aspect": 1,
      "properties": "[[\"FOV\",22.895194130645738],[\"NAME\",\"Camera 0\"],[\"TIME\",0.0]]"
    },
    {
      "matrix": "[0.5117313265800476, 0.2156248837709427, -0.8316469788551331, 0.0, -0.058447085320949554, -0.9570134878158569, -0.2840932011604309, 0.0, -0.8571551442146301, 0.1939868927001953, -0.477131187915802, 0.0, -0.6890602707862854, 1.1696518659591675, 0.14064893126487732, 1.0]",
      "fov": 22.895194130645738,
      "aspect": 1,
      "properties": "[[\"FOV\",22.895194130645738],[\"NAME\",\"Camera 1\"],[\"TIME\",0.041666666666666664]]"
    },
    {
      "matrix": "[0.5101298093795776, 0.21626324951648712, -0.8324647545814514, 0.0, -0.05873442813754082, -0.9568541646003723, -0.28457021713256836, 0.0, -0.8580895662307739, 0.19406229257583618, -0.47541773319244385, 0.0, -0.6660520434379578, 1.1655634641647339, 0.1515527367591858, 1.0]",
      "fov": 22.895194130645738,
      "aspect": 1,
      "properties": "[[\"FOV\",22.895194130645738],[\"NAME\",\"Camera 2\"],[\"TIME\",0.08333333333333333]]"
    },
    {
      "matrix": "[0.5074966549873352, 0.21730907261371613, -0.8338008522987366, 0.0, -0.05920311436057091, -0.9565942883491516, -0.28534629940986633, 0.0, -0.8596175909042358, 0.1941758543252945, -0.47260284423828125, 0.0, -0.6430437564849854, 1.1614750623703003, 0.16245657205581665, 1.0]",
      "fov": 22.895194130645738,
      "aspect": 1,
      "properties": "[[\"FOV\",22.895194130645738],[\"NAME\",\"Camera 3\"],[\"TIME\",0.125]]"
    },
    {
      "matrix": "[0.5038579106330872, 0.2187458872795105, -0.8356299996376038, 0.0, -0.05984578654170036, -0.9562382698059082, -0.2864031195640564, 0.0, -0.8617109656333923, 0.19431541860103607, -0.4687170684337616, 0.0, -0.6200354099273682, 1.1573865413665771, 0.17336037755012512, 1.0]",
      "fov": 22.895194130645738,
      "aspect": 1,
      "properties": "[[\"FOV\",22.895194130645738],[\"NAME\",\"Camera 4\"],[\"TIME\",0.16666666666666666]]"
    },
    {
      "matrix": "[0.4992375075817108, 0.22055748105049133, -0.8379239439964294, 0.0, -0.060655683279037476, -0.9557916522026062, -0.28772127628326416, 0.0, -0.8643398880958557, 0.19446592032909393, -0.4637887179851532, 0.0, -0.5970271229743958, 1.1532981395721436, 0.18426421284675598, 1.0]",
      "fov": 22.895194130645738,
      "aspect": 1,
      "properties": "[[\"FOV\",22.895194130645738],[\"NAME\",\"Camera 5\"],[\"TIME\",0.20833333333333334]]"
    },
    {
      "matrix": "[0.4936569035053253, 0.22272586822509766, -0.8406521677970886, 0.0, -0.06162596493959427, -0.9552589654922485, -0.2892790138721466, 0.0, -0.8674705624580383, 0.19461067020893097, -0.4578443765640259, 0.0, -0.5740188360214233, 1.14920973777771, 0.19516803324222565, 1.0]",
      "fov": 22.895194130645738,
      "aspect": 1,
      "properties": "[[\"FOV\",22.895194130645738],[\"NAME\",\"Camera 6\"],[\"TIME\",0.25]]"
    },
    {
      "matrix": "[0.4871366620063782, 0.2252330183982849, -0.8437818884849548, 0.0, -0.06275118142366409, -0.9546464681625366, -0.2910541296005249, 0.0, -0.8710685968399048, 0.19473138451576233, -0.45090949535369873, 0.0, -0.5510104894638062, 1.1451212167739868, 0.2060718983411789, 1.0]",
      "fov": 22.895194130645738,
      "aspect": 1,
      "properties": "[[\"FOV\",22.895194130645738],[\"NAME\",\"Camera 7\"],[\"TIME\",0.2916666666666667]]"
    },
    {
      "matrix": "[0.47969499230384827, 0.22805964946746826, -0.847278892993927, 0.0, -0.06402479857206345, -0.9539594054222107, -0.2930227816104889, 0.0, -0.875096321105957, 0.19480842351913452, -0.4430079162120819, 0.0, -0.5280022025108337, 1.1410328149795532, 0.21697570383548737, 1.0]",
      "fov": 22.895194130645738,
      "aspect": 1,
      "properties": "[[\"FOV\",22.895194130645738],[\"NAME\",\"Camera 8\"],[\"TIME\",0.3333333333333333]]"
    },
    {
      "matrix": "[0.47134965658187866, 0.2311861366033554, -0.8511063456535339, 0.0, -0.0654408261179924, -0.9532037377357483, -0.2951607406139374, 0.0, -0.8795149922370911, 0.19482120871543884, -0.434163361787796, 0.0, -0.505010724067688, 1.1369305849075317, 0.22790969908237457, 1.0]",
      "fov": 22.895194130645738,
      "aspect": 1,
      "properties": "[[\"FOV\",22.895194130645738],[\"NAME\",\"Camera 9\"],[\"TIME\",0.375]]"
    },
    {
      "matrix": "[0.46211835741996765, 0.23459230363368988, -0.8552268147468567, 0.0, -0.06699302792549133, -0.9523860812187195, -0.29744309186935425, 0.0, -0.8842840790748596, 0.19474826753139496, -0.4243989884853363, 0.0, -0.48202019929885864, 1.1328275203704834, 0.23884549736976624, 1.0]",
      "fov": 22.895194130645738,
      "aspect": 1,
      "properties": "[[\"FOV\",22.895194130645738],[\"NAME\",\"Camera 10\"],[\"TIME\",0.4166666666666667]]"
    },
    {
      "matrix": "[0.4520178735256195, 0.23825664818286896, -0.859600841999054, 0.0, -0.06867503374814987, -0.9515129923820496, -0.29984453320503235, 0.0, -0.8893613219261169, 0.19456814229488373, -0.41373851895332336, 0.0, -0.4590296745300293, 1.128724455833435, 0.24978132545948029, 1.0]",
      "fov": 22.895194130645738,
      "aspect": 1,
      "properties": "[[\"FOV\",22.895194130645738],[\"NAME\",\"Camera 11\"],[\"TIME\",0.4583333333333333]]"
    },
    {
      "matrix": "[0.44106489419937134, 0.24215734004974365, -0.8641883730888367, 0.0, -0.07047928124666214, -0.9505910277366638, -0.3023398518562317, 0.0, -0.8947035074234009, 0.194258913397789, -0.4022051990032196, 0.0, -0.4360392093658447, 1.1246213912963867, 0.26071715354919434, 1.0]",
      "fov": 22.895194130645738,
      "aspect": 1,
      "properties": "[[\"FOV\",22.895194130645738],[\"NAME\",\"Camera 12\"],[\"TIME\",0.5]]"
    },
    {
      "matrix": "[0.42927709221839905, 0.24627189338207245, -0.8689484000205994, 0.0, -0.07239879667758942, -0.9496273398399353, -0.30490389466285706, 0.0, -0.9002664685249329, 0.19379909336566925, -0.38982340693473816, 0.0, -0.4130486845970154, 1.1205182075500488, 0.2716529965400696, 1.0]",
      "fov": 22.895194130645738,
      "aspect": 1,
      "properties": "[[\"FOV\",22.895194130645738],[\"NAME\",\"Camera 13\"],[\"TIME\",0.5416666666666666]]"
    },
    {
      "matrix": "[0.41667255759239197, 0.2505772113800049, -0.8738391399383545, 0.0, -0.07442484050989151, -0.9486291408538818, -0.30751168727874756, 0.0, -0.906004786491394, 0.19316713511943817, -0.37661856412887573, 0.0, -0.3900691270828247, 1.1164062023162842, 0.2826083302497864, 1.0]",
      "fov": 22.895194130645738,
      "aspect": 1,
      "properties": "[[\"FOV\",22.895194130645738],[\"NAME\",\"Camera 14\"],[\"TIME\",0.5833333333333334]]"
    },
    {
      "matrix": "[0.40327054262161255, 0.25504952669143677, -0.8788188695907593, 0.0, -0.07654926925897598, -0.9476042985916138, -0.31013917922973633, 0.0, -0.911873459815979, 0.19234298169612885, -0.36261695623397827, 0.0, -0.36709675192832947, 1.112288236618042, 0.29357659816741943, 1.0]",
      "fov": 22.895194130645738,
      "aspect": 1,
      "properties": "[[\"FOV\",22.895194130645738],[\"NAME\",\"Camera 15\"],[\"TIME\",0.625]]"
    },
    {
      "matrix": "[0.3890916407108307, 0.2596644461154938, -0.8838450312614441, 0.0, -0.07876165211200714, -0.9465601444244385, -0.31276246905326843, 0.0, -0.9178258776664734, 0.19130635261535645, -0.347847044467926, 0.0, -0.3441244065761566, 1.1081702709197998, 0.30454492568969727, 1.0]",
      "fov": 22.895194130645738,
      "aspect": 1,
      "properties": "[[\"FOV\",22.895194130645738],[\"NAME\",\"Camera 16\"],[\"TIME\",0.6666666666666666]]"
    },
    {
      "matrix": "[0.3741578757762909, 0.26439714431762695, -0.8888757824897766, 0.0, -0.08105175942182541, -0.9455047845840454, -0.3153590261936188, 0.0, -0.9238162040710449, 0.19003906846046448, -0.3323381245136261, 0.0, -0.321152001619339, 1.1040523052215576, 0.3155132234096527, 1.0]",
      "fov": 22.895194130645738,
      "aspect": 1,
      "properties": "[[\"FOV\",22.895194130645738],[\"NAME\",\"Camera 17\"],[\"TIME\",0.7083333333333334]]"
    },
    {
      "matrix": "[0.3584928512573242, 0.26922285556793213, -0.8938691020011902, 0.0, -0.08340846002101898, -0.9444459676742554, -0.3179074227809906, 0.0, -0.9297990202903748, 0.1885235756635666, -0.31612148880958557, 0.0, -0.2981796860694885, 1.0999343395233154, 0.32648149132728577, 1.0]",
      "fov": 22.895194130645738,
      "aspect": 1,
      "properties": "[[\"FOV\",22.895194130645738],[\"NAME\",\"Camera 18\"],[\"TIME\",0.75]]"
    },
    {
      "matrix": "[0.3421221673488617, 0.27411583065986633, -0.8987841606140137, 0.0, -0.08581901341676712, -0.9433913230895996, -0.3203873038291931, 0.0, -0.9357284307479858, 0.18674421310424805, -0.29923051595687866, 0.0, -0.2752212882041931, 1.095805048942566, 0.3374747633934021, 1.0]",
      "fov": 22.895194130645738,
      "aspect": 1,
      "properties": "[[\"FOV\",22.895194130645738],[\"NAME\",\"Camera 19\"],[\"TIME\",0.7916666666666666]]"
    },
    {
      "matrix": "[0.3250739574432373, 0.2790503203868866, -0.9035806059837341, 0.0, -0.08827077597379684, -0.9423490166664124, -0.3227793872356415, 0.0, -0.9415600299835205, 0.1846867948770523, -0.28170108795166016, 0.0, -0.25226572155952454, 1.0916732549667358, 0.3484730124473572, 1.0]",
      "fov": 22.895194130645738,
      "aspect": 1,
      "properties": "[[\"FOV\",22.895194130645738],[\"NAME\",\"Camera 20\"],[\"TIME\",0.8333333333333334]]"
    },
    {
      "matrix": "[0.3073780834674835, 0.28400108218193054, -0.9082193374633789, 0.0, -0.09074970334768295, -0.9413267374038696, -0.32506701350212097, 0.0, -0.947250485420227, 0.1823389083147049, -0.26357007026672363, 0.0, -0.22931018471717834, 1.0875415802001953, 0.35947129130363464, 1.0]",
      "fov": 22.895194130645738,
      "aspect": 1,
      "properties": "[[\"FOV\",22.895194130645738],[\"NAME\",\"Camera 21\"],[\"TIME\",0.875]]"
    },
    {
      "matrix": "[0.28906697034835815, 0.2889420688152313, -0.9126625061035156, 0.0, -0.09324110299348831, -0.9403319358825684, -0.327234148979187, 0.0, -0.9527572989463806, 0.17969012260437012, -0.24487748742103577, 0.0, -0.20635461807250977, 1.0834099054336548, 0.3704695403575897, 1.0]",
      "fov": 22.895194130645738,
      "aspect": 1,
      "properties": "[[\"FOV\",22.895194130645738],[\"NAME\",\"Camera 22\"],[\"TIME\",0.9166666666666666]]"
    },
    {
      "matrix": "[0.2701755464076996, 0.2938476800918579, -0.9168744087219238, 0.0, -0.09572966396808624, -0.9393717646598816, -0.32926657795906067, 0.0, -0.9580401182174683, 0.1767319142818451, -0.22566527128219604, 0.0, -0.1834055632352829, 1.079272985458374, 0.3814794421195984, 1.0]",
      "fov": 22.895194130645738,
      "aspect": 1,
      "properties": "[[\"FOV\",22.895194130645738],[\"NAME\",\"Camera 23\"],[\"TIME\",0.9583333333333334]]"
    },
    {
      "matrix": "[0.250741571187973, 0.29869312047958374, -0.9208207726478577, 0.0, -0.09819936752319336, -0.9384534955024719, -0.33115261793136597, 0.0, -0.9630604982376099, 0.1734577715396881, -0.20597781240940094, 0.0, -0.16046318411827087, 1.0751304626464844, 0.39250117540359497, 1.0]",
      "fov": 22.895194130645738,
      "aspect": 1,
      "properties": "[[\"FOV\",22.895194130645738],[\"NAME\",\"Camera 24\"],[\"TIME\",1.0]]"
    },
    {
      "matrix": "[0.23080429434776306, 0.3034535050392151, -0.9244701862335205, 0.0, -0.10063385963439941, -0.9375830292701721, -0.33288222551345825, 0.0, -0.9677819013595581, 0.16986383497714996, -0.1858605295419693, 0.0, -0.13752081990242004, 1.0709880590438843, 0.40352293848991394, 1.0]",
      "fov": 22.895194130645738,
      "aspect": 1,
      "properties": "[[\"FOV\",22.895194130645738],[\"NAME\",\"Camera 25\"],[\"TIME\",1.0416666666666667]]"
    },
    {
      "matrix": "[0.2104063481092453, 0.30810460448265076, -0.9277933239936829, 0.0, -0.1030159518122673, -0.9367672801017761, -0.3344469368457794, 0.0, -0.9721711277961731, 0.16594745218753815, -0.16536207497119904, 0.0, -0.11457850784063339, 1.0668455362319946, 0.4145446717739105, 1.0]",
      "fov": 22.895194130645738,
      "aspect": 1,
      "properties": "[[\"FOV\",22.895194130645738],[\"NAME\",\"Camera 26\"],[\"TIME\",1.0833333333333333]]"
    },
    {
      "matrix": "[0.18959251046180725, 0.3126232922077179, -0.930763840675354, 0.0, -0.10532835125923157, -0.9360111951828003, -0.33584073185920715, 0.0, -0.9761970043182373, 0.1617087423801422, -0.14453260600566864, 0.0, -0.09163939207792282, 1.0627005100250244, 0.4255721867084503, 1.0]",
      "fov": 22.895194130645738,
      "aspect": 1,
      "properties": "[[\"FOV\",22.895194130645738],[\"NAME\",\"Camera 27\"],[\"TIME\",1.125]]"
    },
    {
      "matrix": "[0.16840946674346924, 0.316987007856369, -0.9333581924438477, 0.0, -0.10755360126495361, -0.9353197813034058, -0.33705952763557434, 0.0, -0.9798319339752197, 0.15714998543262482, -0.12342360615730286, 0.0, -0.06870442628860474, 1.0585521459579468, 0.4366069436073303, 1.0]",
      "fov": 22.895194130645738,
      "aspect": 1,
      "properties": "[[\"FOV\",22.895194130645738],[\"NAME\",\"Camera 28\"],[\"TIME\",1.1666666666666667]]"
    },
    {
      "matrix": "[0.14690639078617096, 0.3211738169193268, -0.9355563521385193, 0.0, -0.10967378318309784, -0.9346976280212402, -0.33810073137283325, 0.0, -0.9830514788627625, 0.1522751748561859, -0.10208872705698013, 0.0, -0.04576935991644859, 1.0544036626815796, 0.4476417601108551, 1.0]",
      "fov": 22.895194130645738,
      "aspect": 1,
      "properties": "[[\"FOV\",22.895194130645738],[\"NAME\",\"Camera 29\"],[\"TIME\",1.2083333333333333]]"
    },
    {
      "matrix": "[0.12513448297977448, 0.32516399025917053, -0.9373417496681213, 0.0, -0.11167144030332565, -0.934147834777832, -0.3389642834663391, 0.0, -0.9858348965644836, 0.14709070324897766, -0.08058266341686249, 0.0, -0.022834397852420807, 1.050255298614502, 0.4586765170097351, 1.0]",
      "fov": 22.895194130645738,
      "aspect": 1,
      "properties": "[[\"FOV\",22.895194130645738],[\"NAME\",\"Camera 30\"],[\"TIME\",1.25]]"
    },
    {
      "matrix": "[0.10314641147851944, 0.3289388120174408, -0.9387014508247375, 0.0, -0.11352963000535965, -0.9336742758750916, -0.33965209126472473, 0.0, -0.9881659150123596, 0.1416042596101761, -0.058960843831300735, 0.0, 0.0001006200909614563, 1.0461068153381348, 0.4697113037109375, 1.0]",
      "fov": 22.895194130645738,
      "aspect": 1,
      "properties": "[[\"FOV\",22.895194130645738],[\"NAME\",\"Camera 31\"],[\"TIME\",1.2916666666666667]]"
    },
    {
      "matrix": "[0.08099664747714996, 0.33247989416122437, -0.9396257996559143, 0.0, -0.11523035168647766, -0.9332782626152039, -0.34016692638397217, 0.0, -0.9900310635566711, 0.13582593202590942, -0.03728067874908447, 0.0, 0.0230356827378273, 1.0419584512710571, 0.4807461202144623, 1.0]",
      "fov": 22.895194130645738,
      "aspect": 1,
      "properties": "[[\"FOV\",22.895194130645738],[\"NAME\",\"Camera 32\"],[\"TIME\",1.3333333333333333]]"
    },
    {
      "matrix": "[0.058740947395563126, 0.3357718288898468, -0.9401099681854248, 0.0, -0.1167576014995575, -0.9329618215560913, -0.34051427245140076, 0.0, -0.9914216995239258, 0.12976719439029694, -0.015599179081618786, 0.0, 0.04597064107656479, 1.03780996799469, 0.4917808771133423, 1.0]",
      "fov": 22.895194130645738,
      "aspect": 1,
      "properties": "[[\"FOV\",22.895194130645738],[\"NAME\",\"Camera 33\"],[\"TIME\",1.375]]"
    },
    {
      "matrix": "[0.036436282098293304, 0.33880001306533813, -0.9401525855064392, 0.0, -0.11809444427490234, -0.9327254891395569, -0.34070032835006714, 0.0, -0.9923335909843445, 0.12344072014093399, 0.006025305017828941, 0.0, 0.06890561431646347, 1.0336616039276123, 0.5028156042098999, 1.0]",
      "fov": 22.895194130645738,
      "aspect": 1,
      "properties": "[[\"FOV\",22.895194130645738],[\"NAME\",\"Camera 34\"],[\"TIME\",1.4166666666666667]]"
    },
    {
      "matrix": "[0.014139710925519466, 0.3415520489215851, -0.9397565722465515, 0.0, -0.11922594904899597, -0.9325695037841797, -0.3407337963581085, 0.0, -0.9927664995193481, 0.11686113476753235, 0.027535585686564445, 0.0, 0.09184525161981583, 1.0295169353485107, 0.5138423442840576, 1.0]",
      "fov": 22.895194130645738,
      "aspect": 1,
      "properties": "[[\"FOV\",22.895194130645738],[\"NAME\",\"Camera 35\"],[\"TIME\",1.4583333333333333]]"
    },
    {
      "matrix": "[-0.008090375922620296, 0.34401655197143555, -0.9389286637306213, 0.0, -0.12013612687587738, -0.9324928522109985, -0.3406233787536621, 0.0, -0.9927244186401367, 0.11004360020160675, 0.04887298122048378, 0.0, 0.11478755623102188, 1.025374412536621, 0.5248640775680542, 1.0]",
      "fov": 22.895194130645738,
      "aspect": 1,
      "properties": "[[\"FOV\",22.895194130645738],[\"NAME\",\"Camera 36\"],[\"TIME\",1.5]]"
    },
    {
      "matrix": "[-0.03019567020237446, 0.3461848795413971, -0.9376802444458008, 0.0, -0.12081154435873032, -0.9324944615364075, -0.34037989377975464, 0.0, -0.9922161102294922, 0.10300470143556595, 0.06998033821582794, 0.0, 0.1377299427986145, 1.021232008934021, 0.5358858108520508, 1.0]",
      "fov": 22.895194130645738,
      "aspect": 1,
      "properties": "[[\"FOV\",22.895194130645738],[\"NAME\",\"Camera 37\"],[\"TIME\",1.5416666666666667]]"
    },
    {
      "matrix": "[-0.052118200808763504, 0.3480492830276489, -0.9360262751579285, 0.0, -0.1212386041879654, -0.9325724244117737, -0.3400144875049591, 0.0, -0.9912542104721069, 0.0957617461681366, 0.0908009260892868, 0.0, 0.16067227721214294, 1.017089605331421, 0.5469075441360474, 1.0]",
      "fov": 22.895194130645738,
      "aspect": 1,
      "properties": "[[\"FOV\",22.895194130645738],[\"NAME\",\"Camera 38\"],[\"TIME\",1.5833333333333333]]"
    },
    {
      "matrix": "[-0.07379991561174393, 0.34960466623306274, -0.9339861273765564, 0.0, -0.12140453606843948, -0.932723879814148, -0.3395393490791321, 0.0, -0.9898557662963867, 0.08833228796720505, 0.11127844452857971, 0.0, 0.18362218141555786, 1.012953281402588, 0.5579159259796143, 1.0]",
      "fov": 22.895194130645738,
      "aspect": 1,
      "properties": "[[\"FOV\",22.895194130645738],[\"NAME\",\"Camera 39\"],[\"TIME\",1.625]]"
    },
    {
      "matrix": "[-0.09518389403820038, 0.3508475422859192, -0.931582510471344, 0.0, -0.1212979257106781, -0.932945728302002, -0.33896738290786743, 0.0, -0.988041877746582, 0.08073485642671585, 0.13135839998722076, 0.0, 0.20657771825790405, 1.0088216066360474, 0.5689141750335693, 1.0]",
      "fov": 22.895194130645738,
      "aspect": 1,
      "properties": "[[\"FOV\",22.895194130645738],[\"NAME\",\"Camera 40\"],[\"TIME\",1.6666666666666667]]"
    },
    {
      "matrix": "[-0.1162136048078537, 0.35177600383758545, -0.9288423657417297, 0.0, -0.12090783566236496, -0.9332343935966492, -0.3383117914199829, 0.0, -0.9858375191688538, 0.07298795133829117, 0.15098688006401062, 0.0, 0.22953322529792786, 1.0046899318695068, 0.5799124240875244, 1.0]",
      "fov": 22.895194130645738,
      "aspect": 1,
      "properties": "[[\"FOV\",22.895194130645738],[\"NAME\",\"Camera 41\"],[\"TIME\",1.7083333333333333]]"
    },
    {
      "matrix": "[-0.1368338167667389, 0.35238978266716003, -0.9257959127426147, 0.0, -0.12022421509027481, -0.9335858225822449, -0.33758556842803955, 0.0, -0.9832715392112732, 0.06510986387729645, 0.1701117604970932, 0.0, 0.2524888515472412, 1.0005581378936768, 0.5909106731414795, 1.0]",
      "fov": 22.895194130645738,
      "aspect": 1,
      "properties": "[[\"FOV\",22.895194130645738],[\"NAME\",\"Camera 42\"],[\"TIME\",1.75]]"
    },
    {
      "matrix": "[-0.1569909155368805, 0.35269084572792053, -0.9224764704704285, 0.0, -0.11923804134130478, -0.9339948892593384, -0.33680233359336853, 0.0, -0.9803754687309265, 0.05711967498064041, 0.18868279457092285, 0.0, 0.2754482626914978, 0.9964296817779541, 0.6019019484519958, 1.0]",
      "fov": 22.895194130645738,
      "aspect": 1,
      "properties": "[[\"FOV\",22.895194130645738],[\"NAME\",\"Camera 43\"],[\"TIME\",1.7916666666666667]]"
    },
    {
      "matrix": "[-0.17663198709487915, 0.35268253087997437, -0.9189212322235107, 0.0, -0.11794125288724899, -0.9344573020935059, -0.3359750807285309, 0.0, -0.9771851897239685, 0.0490349717438221, 0.2066507637500763, 0.0, 0.2984206974506378, 0.9923117160797119, 0.6128702759742737, 1.0]",
      "fov": 22.895194130645738,
      "aspect": 1,
      "properties": "[[\"FOV\",22.895194130645738],[\"NAME\",\"Camera 44\"],[\"TIME\",1.8333333333333333]]"
    },
    {
      "matrix": "[-0.19570650160312653, 0.35236963629722595, -0.9151691794395447, 0.0, -0.1163264587521553, -0.9349679350852966, -0.3351166546344757, 0.0, -0.9737389087677002, 0.04087398573756218, 0.22396911680698395, 0.0, 0.3213930130004883, 0.9881937503814697, 0.6238385438919067, 1.0]",
      "fov": 22.895194130645738,
      "aspect": 1,
      "properties": "[[\"FOV\",22.895194130645738],[\"NAME\",\"Camera 45\"],[\"TIME\",1.875]]"
    },
    {
      "matrix": "[-0.21416538953781128, 0.3517586886882782, -0.9112623333930969, 0.0, -0.11438648402690887, -0.935521125793457, -0.3342396914958954, 0.0, -0.970076858997345, 0.03265347331762314, 0.24059262871742249, 0.0, 0.3443654775619507, 0.9840757846832275, 0.6348069310188293, 1.0]",
      "fov": 22.895194130645738,
      "aspect": 1,
      "properties": "[[\"FOV\",22.895194130645738],[\"NAME\",\"Camera 46\"],[\"TIME\",1.9166666666666667]]"
    },
    {
      "matrix": "[-0.23196150362491608, 0.35085737705230713, -0.9072447419166565, 0.0, -0.11211571842432022, -0.9361112117767334, -0.33335548639297485, 0.0, -0.966242253780365, 0.02439085580408573, 0.25647830963134766, 0.0, 0.36733776330947876, 0.9799578189849854, 0.6457751989364624, 1.0]",
      "fov": 22.895194130645738,
      "aspect": 1,
      "properties": "[[\"FOV\",22.895194130645738],[\"NAME\",\"Camera 47\"],[\"TIME\",1.9583333333333333]]"
    },
    {
      "matrix": "[-0.24904872477054596, 0.34967437386512756, -0.9031626582145691, 0.0, -0.10950839519500732, -0.936733067035675, -0.3324744403362274, 0.0, -0.9622800946235657, 0.016101408749818802, 0.27158427238464355, 0.0, 0.3903185725212097, 0.9758467674255371, 0.6567284464836121, 1.0]",
      "fov": 22.895194130645738,
      "aspect": 1,
      "properties": "[[\"FOV\",22.895194130645738],[\"NAME\",\"Camera 48\"],[\"TIME\",2.0]]"
    },
    {
      "matrix": "[-0.26538360118865967, 0.3482199013233185, -0.8990631103515625, 0.0, -0.10655897110700607, -0.9373804926872253, -0.3316068947315216, 0.0, -0.9582362771034241, 0.007800264749675989, 0.2858712375164032, 0.0, 0.4133090674877167, 0.9717437028884888, 0.6676642894744873, 1.0]",
      "fov": 22.895194130645738,
      "aspect": 1,
      "properties": "[[\"FOV\",22.895194130645738],[\"NAME\",\"Camera 49\"],[\"TIME\",2.0416666666666665]]"
    },
    {
      "matrix": "[-0.28092414140701294, 0.346505343914032, -0.8949947953224182, 0.0, -0.10326352715492249, -0.9380479454994202, -0.3307609260082245, 0.0, -0.9541584849357605, -0.0004985033301636577, 0.2993015646934509, 0.0, 0.43629947304725647, 0.9676406383514404, 0.6786000728607178, 1.0]",
      "fov": 22.895194130645738,
      "aspect": 1,
      "properties": "[[\"FOV\",22.895194130645738],[\"NAME\",\"Camera 50\"],[\"TIME\",2.0833333333333335]]"
    },
    {
      "matrix": "[-0.2956300973892212, 0.3445425033569336, -0.8910070061683655, 0.0, -0.09961680322885513, -0.9387295842170715, -0.3299441635608673, 0.0, -0.9500944018363953, -0.008781803771853447, 0.3118388056755066, 0.0, 0.45929011702537537, 0.9635375142097473, 0.689535915851593, 1.0]",
      "fov": 22.895194130645738,
      "aspect": 1,
      "properties": "[[\"FOV\",22.895194130645738],[\"NAME\",\"Camera 51\"],[\"TIME\",2.125]]"
    },
    {
      "matrix": "[-0.3094619810581207, 0.34234419465065, -0.8871492743492126, 0.0, -0.09561525285243988, -0.9394201636314392, -0.3291618824005127, 0.0, -0.9460925459861755, -0.01703813299536705, 0.3234480321407318, 0.0, 0.48228058218955994, 0.959434449672699, 0.7004716992378235, 1.0]",
      "fov": 22.895194130645738,
      "aspect": 1,
      "properties": "[[\"FOV\",22.895194130645738],[\"NAME\",\"Camera 52\"],[\"TIME\",2.1666666666666665]]"
    },
    {
      "matrix": "[-0.3223828077316284, 0.3399239182472229, -0.8834710717201233, 0.0, -0.09125421941280365, -0.9401138424873352, -0.32841864228248596, 0.0, -0.9422008395195007, -0.025256063789129257, 0.33409589529037476, 0.0, 0.505273163318634, 0.9553331732749939, 0.7114036083221436, 1.0]",
      "fov": 22.895194130645738,
      "aspect": 1,
      "properties": "[[\"FOV\",22.895194130645738],[\"NAME\",\"Camera 53\"],[\"TIME\",2.2083333333333335]]"
    },
    {
      "matrix": "[-0.33435603976249695, 0.3372962176799774, -0.8800211548805237, 0.0, -0.08653039485216141, -0.9408049583435059, -0.32771703600883484, 0.0, -0.9384661316871643, -0.03342565894126892, 0.34375008940696716, 0.0, 0.5282814502716064, 0.9512447118759155, 0.7223074436187744, 1.0]",
      "fov": 22.895194130645738,
      "aspect": 1,
      "properties": "[[\"FOV\",22.895194130645738],[\"NAME\",\"Camera 54\"],[\"TIME\",2.25]]"
    },
    {
      "matrix": "[-0.34534597396850586, 0.33447492122650146, -0.8768482208251953, 0.0, -0.08143874257802963, -0.9414887428283691, -0.3270575702190399, 0.0, -0.9349353313446045, -0.04153849557042122, 0.3523784577846527, 0.0, 0.5512897968292236, 0.9471563100814819, 0.7332112789154053, 1.0]",
      "fov": 22.895194130645738,
      "aspect": 1,
      "properties": "[[\"FOV\",22.895194130645738],[\"NAME\",\"Camera 55\"],[\"TIME\",2.2916666666666665]]"
    },
    {
      "matrix": "[-0.355317622423172, 0.3314754366874695, -0.8739985227584839, 0.0, -0.07597583532333374, -0.9421598315238953, -0.3264390826225281, 0.0, -0.9316529631614685, -0.049586739391088486, 0.3599499464035034, 0.0, 0.5742981433868408, 0.9430678486824036, 0.7441151142120361, 1.0]",
      "fov": 22.895194130645738,
      "aspect": 1,
      "properties": "[[\"FOV\",22.895194130645738],[\"NAME\",\"Camera 56\"],[\"TIME\",2.3333333333333335]]"
    },
    {
      "matrix": "[-0.3642359972000122, 0.32831233739852905, -0.8715175986289978, 0.0, -0.07013649493455887, -0.9428133368492126, -0.3258582055568695, 0.0, -0.9286618828773499, -0.05756380409002304, 0.36643317341804504, 0.0, 0.5973064303398132, 0.9389793872833252, 0.755018949508667, 1.0]",
      "fov": 22.895194130645738,
      "aspect": 1,
      "properties": "[[\"FOV\",22.895194130645738],[\"NAME\",\"Camera 57\"],[\"TIME\",2.375]]"
    },
    {
      "matrix": "[-0.37206706404685974, 0.3250018060207367, -0.8694480657577515, 0.0, -0.06391718983650208, -0.9434446096420288, -0.3253095746040344, 0.0, -0.9260025024414062, -0.06546402722597122, 0.3717978000640869, 0.0, 0.6203145980834961, 0.9348909854888916, 0.7659227252006531, 1.0]",
      "fov": 22.895194130645738,
      "aspect": 1,
      "properties": "[[\"FOV\",22.895194130645738],[\"NAME\",\"Camera 58\"],[\"TIME\",2.4166666666666665]]"
    },
    {
      "matrix": "[-0.3787749111652374, 0.3215583562850952, -0.8678305149078369, 0.0, -0.057312410324811935, -0.9440496563911438, -0.3247852623462677, 0.0, -0.9237125515937805, -0.07328302413225174, 0.37601155042648315, 0.0, 0.6434057950973511, 0.9308825731277466, 0.7766507863998413, 1.0]",
      "fov": 22.895194130645738,
      "aspect": 1,
      "properties": "[[\"FOV\",22.895194130645738],[\"NAME\",\"Camera 59\"],[\"TIME\",2.4583333333333335]]"
    },
    {
      "matrix": "[-0.38432472944259644, 0.31799784302711487, -0.8667017221450806, 0.0, -0.05031764507293701, -0.9446236491203308, -0.3242752254009247, 0.0, -0.9218257665634155, -0.08101657778024673, 0.37904301285743713, 0.0, 0.6517824530601501, 0.9248725175857544, 0.7908822298049927, 1.0]",
      "fov": 22.895194130645738,
      "aspect": 1,
      "properties": "[[\"FOV\",22.895194130645738],[\"NAME\",\"Camera 60\"],[\"TIME\",2.5]]"
    },
    {
      "matrix": "[-0.38906049728393555, 0.31457576155662537, -0.8658370971679688, 0.0, -0.04324299842119217, -0.9450893402099609, -0.3239385187625885, 0.0, -0.9201967716217041, -0.08859020471572876, 0.3812999725341797, 0.0, 0.640271782875061, 0.9153050780296326, 0.8117821216583252, 1.0]",
      "fov": 22.895194130645738,
      "aspect": 1,
      "properties": "[[\"FOV\",22.895194130645738],[\"NAME\",\"Camera 61\"],[\"TIME\",2.5416666666666665]]"
    },
    {
      "matrix": "[-0.3933570683002472, 0.31152111291885376, -0.8649999499320984, 0.0, -0.03634893521666527, -0.9453794360160828, -0.3239392340183258, 0.0, -0.9186670780181885, -0.09598205238580704, 0.3831949830055237, 0.0, 0.6254932284355164, 0.9064003825187683, 0.8309472799301147, 1.0]",
      "fov": 22.895194130645738,
      "aspect": 1,
      "properties": "[[\"FOV\",22.895194130645738],[\"NAME\",\"Camera 62\"],[\"TIME\",2.5833333333333335]]"
    },
    {
      "matrix": "[-0.39722222089767456, 0.30880647897720337, -0.8642064929008484, 0.0, -0.029552292078733444, -0.9455016255378723, -0.3242724537849426, 0.0, -0.9172464609146118, -0.10326837003231049, 0.3847001791000366, 0.0, 0.610714852809906, 0.8974957466125488, 0.8501123189926147, 1.0]",
      "fov": 22.895194130645738,
      "aspect": 1,
      "properties": "[[\"FOV\",22.895194130645738],[\"NAME\",\"Camera 63\"],[\"TIME\",2.625]]"
    },
    {
      "matrix": "[-0.4006626605987549, 0.3064042627811432, -0.863473117351532, 0.0, -0.022770965471863747, -0.9454630613327026, -0.32493242621421814, 0.0, -0.9159426689147949, -0.11052612960338593, 0.3857887387275696, 0.0, 0.595224142074585, 0.8887813091278076, 0.8687952756881714, 1.0]",
      "fov": 22.895194130645738,
      "aspect": 1,
      "properties": "[[\"FOV\",22.895194130645738],[\"NAME\",\"Camera 64\"],[\"TIME\",2.6666666666666665]]"
    },
    {
      "matrix": "[-0.403684139251709, 0.30428412556648254, -0.8628153204917908, 0.0, -0.01591942273080349, -0.945265531539917, -0.3259132206439972, 0.0, -0.9147599339485168, -0.11783026903867722, 0.3864326775074005, 0.0, 0.5797093510627747, 0.8800732493400574, 0.8874621391296387, 1.0]",
      "fov": 22.895194130645738,
      "aspect": 1,
      "properties": "[[\"FOV\",22.895194130645738],[\"NAME\",\"Camera 65\"],[\"TIME\",2.7083333333333335]]"
    },
    {
      "matrix": "[-0.4062913656234741, 0.30241572856903076, -0.8622482419013977, 0.0, -0.00891322735697031, -0.9449102282524109, -0.32720786333084106, 0.0, -0.9137001633644104, -0.1252560168504715, 0.38660427927970886, 0.0, 0.5641945600509644, 0.8713651895523071, 0.9061288833618164, 1.0]",
      "fov": 22.895194130645738,
      "aspect": 1,
      "properties": "[[\"FOV\",22.895194130645738],[\"NAME\",\"Camera 66\"],[\"TIME\",2.75]]"
    },
    {
      "matrix": "[-0.40848779678344727, 0.3007678687572479, -0.8617867827415466, 0.0, -0.0016671044286340475, -0.9443952441215515, -0.32880836725234985, 0.0, -0.9127623438835144, -0.13287749886512756, 0.38627517223358154, 0.0, 0.5488796234130859, 0.8626022338867188, 0.9249343872070312, 1.0]",
      "fov": 22.895194130645738,
      "aspect": 1,
      "properties": "[[\"FOV\",22.895194130645738],[\"NAME\",\"Camera 67\"],[\"TIME\",2.7916666666666665]]"
    },
    {
      "matrix": "[-0.41027581691741943, 0.29930853843688965, -0.8614453673362732, 0.0, 0.00590610783547163, -0.9437153935432434, -0.33070608973503113, 0.0, -0.9119424223899841, -0.14076843857765198, 0.3854157328605652, 0.0, 0.533570408821106, 0.8538376092910767, 0.9437441825866699, 1.0]",
      "fov": 22.895194130645738,
      "aspect": 1,
      "properties": "[[\"FOV\",22.895194130645738],[\"NAME\",\"Camera 68\"],[\"TIME\",2.8333333333333335]]"
    },
    {
      "matrix": "[-0.41165658831596375, 0.2980060875415802, -0.8612382411956787, 0.0, 0.01389281451702118, -0.9428631067276001, -0.33289045095443726, 0.0, -0.9112331867218018, -0.14900146424770355, 0.3839956223964691, 0.0, 0.5182613134384155, 0.8450729846954346, 0.962553858757019, 1.0]",
      "fov": 22.895194130645738,
      "aspect": 1,
      "properties": "[[\"FOV\",22.895194130645738],[\"NAME\",\"Camera 69\"],[\"TIME\",2.875]]"
    },
    {
      "matrix": "[-0.412630558013916, 0.296828955411911, -0.8611786365509033, 0.0, 0.022380566224455833, -0.9418277740478516, -0.33535030484199524, 0.0, -0.9106236100196838, -0.15764956176280975, 0.38198360800743103, 0.0, 0.5034437775611877, 0.8361811637878418, 0.9816869497299194, 1.0]",
      "fov": 22.895194130645738,
      "aspect": 1,
      "properties": "[[\"FOV\",22.895194130645738],[\"NAME\",\"Camera 70\"],[\"TIME\",2.9166666666666665]]"
    },
    {
      "matrix": "[-0.4131958782672882, 0.2957454025745392, -0.8612803816795349, 0.0, 0.03145734965801239, -0.9405945539474487, -0.3380716145038605, 0.0, -0.9100987315177917, -0.16678348183631897, 0.3793462812900543, 0.0, 0.48901477456092834, 0.8271887302398682, 1.0010759830474854, 1.0]",
      "fov": 22.895194130645738,
      "aspect": 1,
      "properties": "[[\"FOV\",22.895194130645738],[\"NAME\",\"Camera 71\"],[\"TIME\",2.9583333333333335]]"
    },
    {
      "matrix": "[-0.41335028409957886, 0.29472479224205017, -0.8615559935569763, 0.0, 0.04121137782931328, -0.9391453266143799, -0.34103885293006897, 0.0, -0.9096390604972839, -0.17647428810596466, 0.37604984641075134, 0.0, 0.47458580136299133, 0.8181962966918945, 1.0204648971557617, 1.0]",
      "fov": 22.895194130645738,
      "aspect": 1,
      "properties": "[[\"FOV\",22.895194130645738],[\"NAME\",\"Camera 72\"],[\"TIME\",3.0]]"
    },
    {
      "matrix": "[-0.4130891263484955, 0.29373711347579956, -0.8620185256004333, 0.0, 0.05173163488507271, -0.9374576807022095, -0.3442337214946747, 0.0, -0.9092202186584473, -0.18679283559322357, 0.3720579445362091, 0.0, 0.4602406322956085, 0.8091852068901062, 1.0399020910263062, 1.0]",
      "fov": 22.895194130645738,
      "aspect": 1,
      "properties": "[[\"FOV\",22.895194130645738],[\"NAME\",\"Camera 73\"],[\"TIME\",3.0416666666666665]]"
    },
    {
      "matrix": "[-0.41240638494491577, 0.2927531599998474, -0.8626797199249268, 0.0, 0.06310708820819855, -0.9355038404464722, -0.3476347327232361, 0.0, -0.9088115096092224, -0.19780783355236053, 0.36733293533325195, 0.0, 0.4476209580898285, 0.799789547920227, 1.0603338479995728, 1.0]",
      "fov": 22.895194130645738,
      "aspect": 1,
      "properties": "[[\"FOV\",22.895194130645738],[\"NAME\",\"Camera 74\"],[\"TIME\",3.0833333333333335]]"
    },
    {
      "matrix": "[-0.4112943410873413, 0.2917450964450836, -0.8635517358779907, 0.0, 0.07542672008275986, -0.9332508444786072, -0.3512168824672699, 0.0, -0.9083765149116516, -0.2095881849527359, 0.3618353307247162, 0.0, 0.4350014626979828, 0.7903938293457031, 1.080765724182129, 1.0]",
      "fov": 22.895194130645738,
      "aspect": 1,
      "properties": "[[\"FOV\",22.895194130645738],[\"NAME\",\"Camera 75\"],[\"TIME\",3.125]]"
    },
    {
      "matrix": "[-0.4097422957420349, 0.29068633913993835, -0.8646458983421326, 0.0, 0.08877970278263092, -0.9306597709655762, -0.3549509644508362, 0.0, -0.9078707695007324, -0.2222011387348175, 0.3555235266685486, 0.0, 0.4223819077014923, 0.7809982299804688, 1.101197600364685, 1.0]",
      "fov": 22.895194130645738,
      "aspect": 1,
      "properties": "[[\"FOV\",22.895194130645738],[\"NAME\",\"Camera 76\"],[\"TIME\",3.1666666666666665]]"
    },
    {
      "matrix": "[-0.4077378511428833, 0.28955215215682983, -0.8659730553627014, 0.0, 0.1032542958855629, -0.9276847243309021, -0.35880306363105774, 0.0, -0.9072421789169312, -0.2357129007577896, 0.3483545780181885, 0.0, 0.4124554693698883, 0.7711702585220337, 1.1228007078170776, 1.0]",
      "fov": 22.895194130645738,
      "aspect": 1,
      "properties": "[[\"FOV\",22.895194130645738],[\"NAME\",\"Camera 77\"],[\"TIME\",3.2083333333333335]]"
    },
    {
      "matrix": "[-0.4052654504776001, 0.2883192300796509, -0.8675435781478882, 0.0, 0.11893869936466217, -0.9242715239524841, -0.3627333641052246, 0.0, -0.9064290523529053, -0.25018763542175293, 0.3402829170227051, 0.0, 0.40349796414375305, 0.7611867785453796, 1.1448253393173218, 1.0]",
      "fov": 22.895194130645738,
      "aspect": 1,
      "properties": "[[\"FOV\",22.895194130645738],[\"NAME\",\"Camera 78\"],[\"TIME\",3.25]]"
    },
    {
      "matrix": "[-0.4023064970970154, 0.2869667112827301, -0.869367241859436, 0.0, 0.13591869175434113, -0.9203585982322693, -0.3666957914829254, 0.0, -0.9053593873977661, -0.2656870186328888, 0.3312619924545288, 0.0, 0.394540399312973, 0.7512032985687256, 1.1668498516082764, 1.0]",
      "fov": 22.895194130645738,
      "aspect": 1,
      "properties": "[[\"FOV\",22.895194130645738],[\"NAME\",\"Camera 79\"],[\"TIME\",3.2916666666666665]]"
    },
    {
      "matrix": "[-0.3988390564918518, 0.28547608852386475, -0.8714531660079956, 0.0, 0.15427857637405396, -0.9158745408058167, -0.37063679099082947, 0.0, -0.9039498567581177, -0.282270610332489, 0.321243554353714, 0.0, 0.39270952343940735, 0.7408391833305359, 1.1902415752410889, 1.0]",
      "fov": 22.895194130645738,
      "aspect": 1,
      "properties": "[[\"FOV\",22.895194130645738],[\"NAME\",\"Camera 80\"],[\"TIME\",3.3333333333333335]]"
    },
    {
      "matrix": "[-0.39483681321144104, 0.2838311493396759, -0.8738099932670593, 0.0, 0.17409950494766235, -0.910737931728363, -0.3744939863681793, 0.0, -0.9021049737930298, -0.2999939024448395, 0.31017789244651794, 0.0, 0.39182958006858826, 0.730424165725708, 1.2138160467147827, 1.0]",
      "fov": 22.895194130645738,
      "aspect": 1,
      "properties": "[[\"FOV\",22.895194130645738],[\"NAME\",\"Camera 81\"],[\"TIME\",3.375]]"
    },
    {
      "matrix": "[-0.39026954770088196, 0.28201863169670105, -0.8764446377754211, 0.0, 0.19545799493789673, -0.9048559069633484, -0.37819555401802063, 0.0, -0.8997144103050232, -0.31890612840652466, 0.2980147898197174, 0.0, 0.40011608600616455, 0.7212954759597778, 1.2351188659667969, 1.0]",
      "fov": 22.895194130645738,
      "aspect": 1,
      "properties": "[[\"FOV\",22.895194130645738],[\"NAME\",\"Camera 82\"],[\"TIME\",3.4166666666666665]]"
    },
    {
      "matrix": "[-0.385101854801178, 0.28002914786338806, -0.8793635368347168, 0.0, 0.2184249460697174, -0.8981242775917053, -0.3816587030887604, 0.0, -0.8966532945632935, -0.33905237913131714, 0.2847038507461548, 0.0, 0.41437456011772156, 0.7130046486854553, 1.254941701889038, 1.0]",
      "fov": 22.895194130645738,
      "aspect": 1,
      "properties": "[[\"FOV\",22.895194130645738],[\"NAME\",\"Camera 83\"],[\"TIME\",3.4583333333333335]]"
    },
    {
      "matrix": "[-0.3792930841445923, 0.27785634994506836, -0.8825715184211731, 0.0, 0.24306300282478333, -0.8904263973236084, -0.3847876191139221, 0.0, -0.8927806615829468, -0.36046797037124634, 0.2701958119869232, 0.0, 0.43447527289390564, 0.7078985571861267, 1.2679497003555298, 1.0]",
      "fov": 22.895194130645738,
      "aspect": 1,
      "properties": "[[\"FOV\",22.895194130645738],[\"NAME\",\"Camera 84\"],[\"TIME\",3.5]]"
    },
    {
      "matrix": "[-0.3727962076663971, 0.27549847960472107, -0.886072039604187, 0.0, 0.26942551136016846, -0.8816318511962891, -0.3874729871749878, 0.0, -0.8879375457763672, -0.38317885994911194, 0.25444263219833374, 0.0, 0.45880499482154846, 0.7050975561141968, 1.2760250568389893, 1.0]",
      "fov": 22.895194130645738,
      "aspect": 1,
      "properties": "[[\"FOV\",22.895194130645738],[\"NAME\",\"Camera 85\"],[\"TIME\",3.5416666666666665]]"
    },
    {
      "matrix": "[-0.36555758118629456, 0.27295854687690735, -0.8898658752441406, 0.0, 0.2975520193576813, -0.871597945690155, -0.38958942890167236, 0.0, -0.8819469809532166, -0.4071986675262451, 0.23739980161190033, 0.0, 0.48313483595848083, 0.7022966146469116, 1.2841004133224487, 1.0]",
      "fov": 22.895194130645738,
      "aspect": 1,
      "properties": "[[\"FOV\",22.895194130645738],[\"NAME\",\"Camera 86\"],[\"TIME\",3.5833333333333335]]"
    },
    {
